((("randn" .
   [1 0 0 0 0])
  ("inner" .
   [1 0 0 0 0])
  ("eta" .
   [1 0 0])
  ("feature" .
   [0 0 2 0 0 0 0])
  ("sigmoid" .
   [0 0 0 0 0 2 0])
  ("ndim" .
   [1 0 0 0])
  ("tmp" .
   [1 0 0])
  ("lst" .
   [2 0 0])
  ("zlist" .
   [3 0 0 1 0])
  ("ylist" .
   [1 0 0 1 0])
  ("sign" .
   [1 0 0 0])
  ("seq" .
   [2 0 0])
  ("seed" .
   [0 0 1 2])
  ("misses" .
   [1 0 0 0 1 0])
  ("list" .
   [2 0 0 0])
  ("random" .
   [0 0 0 0 1 5])
  ("y_n" .
   [3 0 1])
  ("x_n" .
   [3 0 0])
  ("t_n" .
   [3 0 0])
  ("predict" .
   [1 0 0 1 0 0 0])
  ("classIfier" .
   [0 0 0 0 0 0 0 1 0 0])
  ("print" .
   [6 0 0 0 0])
  ("train" .
   [1 0 0 2 0])
  ("NaiveBayes" .
   [0 0 0 1 0 0 0 0 0 0])
  ("__name__" .
   [1 0 0 0 0 0 0 0])
  ("float" .
   [0 0 0 1 0])
  ("inCategory" .
   [0 0 0 1 0 0 0 0 0 0])
  ("values" .
   [0 0 1 0 0 0])
  ("sum" .
   [2 0 0])
  ("wordProb" .
   [0 0 0 0 0 1 0 0])
  ("priorProb" .
   [1 0 0 0 0 0 0 0 0])
  ("log" .
   [1 0 0])
  ("math" .
   [1 0 0 0])
  ("score" .
   [3 0 0 0 0])
  ("best" .
   [2 0 0 0])
  ("max" .
   [2 0 0])
  ("prob" .
   [4 0 0 0])
  ("if" .
   [4 0])
  ("sys" .
   [1 0 0])
  ("catCountUp" .
   [0 0 0 0 1 0 0 0 0 0])
  ("wordCountUp" .
   [0 0 0 0 0 1 0 0 0 0 0])
  ("getWords" .
   [0 0 0 1 1 0 0 0])
  ("cat_count_" .
   [0 0 1 0 1 0 0 0 0 3])
  ("vocabularies_" .
   [0 0 1 0 1 0 0 0 0 0 0 0 0])
  ("setdefaoult" .
   [0 0 0 0 1 0 0 0 0 0 1])
  ("setDefaoult" .
   [0 0 0 1 0 0 0 0 0 0 0])
  ("cat" .
   [25 0 0])
  ("word_count_" .
   [2 0 0 0 0 0 1 2 0 0 2])
  ("self" .
   [27 0 0 1])
  ("words" .
   [10 0 0 0 0])
  ("return" .
   [11 0 0 0 0 0])
  ("morphological" .
   [0 0 0 1 0 0 0 0 0 0 0 0 0])
  ("in" .
   [6 0])
  ("def" .
   [14 0 1])
  ("import" .
   [3 0 1 0 0 0])
  ("string" .
   [4 0 0 0 0 0])
  ("using" .
   [1 0 0 0 0])
  ("class" .
   [3 0 0 0 0])
  ("include" .
   [2 0 0 1 0 0 0])
  ("add-to-list" .
   [0 0 0 0 0 0 0 0 0 1 0])
  ("load" .
   [1 0 0 0])
  ("load-path" .
   [1 0 0 0 0 0 0 0 0])
  ("alias" .
   [1 0 0 0 0])
  ("empty" .
   [1 0 0 0 0])
  ("char" .
   [3 0 0 0])
  ("tokenizer" .
   [0 0 0 0 0 1 0 0 0])
  ("doc" .
   [9 0 0])
  ("word_class" .
   [0 0 2 4 0 0 1 0 0 0])
  ("tokens" .
   [0 0 1 0 0 0])
  ("word_list" .
   [2 0 0 0 0 0 0 0 0])
  ("token" .
   [0 0 0 0 1])
  ("for" .
   [8 0 0])
  ("word" .
   [20 0 0 0])
  ("split" .
   [2 0 0 0 0])
  ("np" .
   [12 0])
  ("linalg" .
   [1 0 0 0 0 0])
  ("solve" .
   [0 0 0 1 0])
  ("alpha" .
   [0 0 0 1 0])
  ("PHI" .
   [3 0 2])
  ("beta" .
   [3 0 0 0])
  ("dot" .
   [6 0 0])
  ("Sigma_N" .
   [0 0 2 0 0 0 0])
  ("mu_N" .
   [1 0 1 0])
  ("exp" .
   [1 0 0])
  ("mean" .
   [1 0 0 0])
  ("var" .
   [2 0 0])
  ("arange" .
   [0 0 0 0 1 0])
  ("array" .
   [4 0 0 1 0])
  ("normalDistPdf" .
   [0 0 0 1 0 0 0 0 0 0 0 0 0])
  ("tlist" .
   [1 0 0 1 0])
  ("phi" .
   [6 0 1])
  ("quadForm" .
   [0 0 0 1 0 0 0 0])
  ("xlist" .
   [2 0 0 3 0])
  ("plt" .
   [6 0 0])))
